N_LOW
(4222, 1.01117)
(4580, 1.02067)
N_MID
(4555, 1.11138)
(4441, 1.11261)
N_HIGH
(4151, 1.36472)
(4277, 1.38832)

AD_LOW
(4172, 1.00202)
(4924, 1.02005)
AD_MID
(4755, 1.10159)
(4280, 1.1179)
AD_HIGH
(5187, 1.38911)
(5146, 1.40642)

---------------
N_LOW
(4643, 1.01015)
(4222, 1.01117)
(4084, 1.01222)
(5040, 1.01277)
(4387, 1.01316)
(4609, 1.01359)
(4516, 1.01377)
(4367, 1.01461)
(4762, 1.01481)
(4337, 1.01651)
(4496, 1.01745)
(4139, 1.01753)
(4580, 1.02067)
(4357, 1.02226)
(4020, 1.02466)
(4177, 1.02502)
N_MID
(4555, 1.11138)
(4441, 1.11261)
(4255, 1.11574)
(4060, 1.1181)
(4576, 1.11974)
(4644, 1.12383)
(4612, 1.12497)
N_HIGH
(4151, 1.36472)
(4010, 1.36661)
(4291, 1.36952)
(4277, 1.38832)
AD_LOW
(4172, 1.00202)
(5138, 1.00424)
(4924, 1.02005)
AD_MID
(4755, 1.10159)
(4280, 1.1179)
(5224, 1.12344)
AD_HIGH
(5028, 1.38314)
(4692, 1.38459)
(4863, 1.38596)
(5187, 1.38911)
(4195, 1.39157)
(4307, 1.3925)
(4892, 1.39387)
(4211, 1.39984)
(4879, 1.4015)
(4853, 1.40373)
(4962, 1.40531)
(5146, 1.40642)
(4910, 1.41408)
(4583, 1.41472)
(5119, 1.41878)
(4657, 1.41988)